name: DeepLearning
channels:
  - pytorch-lts
  - defaults
dependencies:
  - _libgcc_mutex=0.1=main
  - _openmp_mutex=4.5=1_gnu
  - blas=1.0=mkl
  - bzip2=1.0.8=h7b6447c_0
  - ca-certificates=2022.3.29=h06a4308_0
  - certifi=2021.10.8=py37h06a4308_2
  - cudatoolkit=10.2.89=hfd86e86_1
  - ffmpeg=4.2.2=h20bf706_0
  - freetype=2.11.0=h70c0345_0
  - giflib=5.2.1=h7b6447c_0
  - gmp=6.2.1=h2531618_2
  - gnutls=3.6.15=he1e5248_0
  - intel-openmp=2021.4.0=h06a4308_3561
  - jpeg=9b=h024ee3a_2
  - lame=3.100=h7b6447c_0
  - lcms2=2.12=h3be6417_0
  - libedit=3.1.20210910=h7f8727e_0
  - libffi=3.2.1=hf484d3e_1007
  - libgcc-ng=9.3.0=h5101ec6_17
  - libgomp=9.3.0=h5101ec6_17
  - libidn2=2.3.2=h7f8727e_0
  - libopus=1.3.1=h7b6447c_0
  - libpng=1.6.37=hbc83047_0
  - libstdcxx-ng=9.3.0=hd4cf53a_17
  - libtasn1=4.16.0=h27cfd23_0
  - libtiff=4.1.0=h2733197_1
  - libunistring=0.9.10=h27cfd23_0
  - libuv=1.40.0=h7b6447c_0
  - libvpx=1.7.0=h439df22_0
  - libwebp=1.2.0=h89dd481_0
  - lz4-c=1.9.3=h295c915_1
  - mkl=2021.4.0=h06a4308_640
  - mkl-service=2.4.0=py37h7f8727e_0
  - mkl_fft=1.3.1=py37hd3c417c_0
  - mkl_random=1.2.2=py37h51133e4_0
  - ncurses=6.3=h7f8727e_2
  - nettle=3.7.3=hbbd107a_1
  - ninja=1.10.2=py37hd09550d_3
  - numpy=1.21.2=py37h20f2e39_0
  - numpy-base=1.21.2=py37h79a1101_0
  - openh264=2.1.1=h4ff587b_0
  - openssl=1.0.2u=h7b6447c_0
  - pillow=9.0.1=py37h22f2fdc_0
  - pip=21.2.2=py37h06a4308_0
  - python=3.7.0=h6e4f718_3
  - pytorch=1.8.2=py3.7_cuda10.2_cudnn7.6.5_0
  - readline=7.0=h7b6447c_5
  - setuptools=58.0.4=py37h06a4308_0
  - six=1.16.0=pyhd3eb1b0_1
  - sqlite=3.33.0=h62c20be_0
  - tk=8.6.11=h1ccaba5_0
  - torchaudio=0.8.2=py37
  - torchvision=0.9.2=py37_cu102
  - typing_extensions=4.1.1=pyh06a4308_0
  - wheel=0.37.1=pyhd3eb1b0_0
  - x264=1!157.20191217=h7b6447c_0
  - xz=5.2.5=h7b6447c_0
  - zlib=1.2.11=h7f8727e_4
  - zstd=1.4.9=haebb681_0
  - pip:
    - absl-py==1.0.0
    - astor==0.8.1
    - cached-property==1.5.2
    - gast==0.5.3
    - google-pasta==0.2.0
    - grpcio==1.44.0
    - h5py==3.6.0
    - importlib-metadata==4.11.3
    - keras-applications==1.0.8
    - keras-preprocessing==1.1.2
    - markdown==3.3.6
    - protobuf==3.19.4
    - tensorboard==1.14.0
    - tensorboardx==2.5
    - tensorflow-estimator==1.14.0
    - tensorflow-gpu==1.14.0
    - termcolor==1.1.0
    - tqdm==4.63.1
    - werkzeug==2.1.0
    - wrapt==1.14.0
    - zipp==3.7.0
prefix: /root/conda/envs/DeepLearning
